======================================================================
  脑肿瘤智能检测 - YOLOv11n 训练日志
======================================================================
  模型: yolo11n.pt (预训练权重)
  数据集: data/brain_tumor_yolo/data.yaml
  类别: 4 (glioma, meningioma, notumor, pituitary)
  图像尺寸: 640x640
  Batch Size: 16
  设备: NVIDIA RTX 4060 (CUDA 12.4)
  Epochs: 50
  优化器: auto (SGD/AdamW)
  学习率: lr0=0.01, lrf=0.01 (Cosine Annealing with Warmup)
  Patience: 20
======================================================================

Epoch   GPU_mem    box_loss    cls_loss    dfl_loss
------------------------------------------------------------
    1       ---    0.842070    1.882940    1.422130
    2       ---    0.584990    1.003540    1.174530
    3       ---    0.552400    0.820150    1.149610
    4       ---    0.495400    0.723600    1.101350
    5       ---    0.464900    0.652610    1.081120
    6       ---    0.440620    0.602260    1.068420
    7       ---    0.415290    0.572680    1.051520
    8       ---    0.388110    0.552470    1.029870
    9       ---    0.373910    0.524700    1.026690
   10       ---    0.371590    0.518290    1.023230
   11       ---    0.364380    0.487390    1.020310
   12       ---    0.339500    0.467370    1.004110
   13       ---    0.337680    0.453350    1.002930
   14       ---    0.335930    0.446340    1.001270
   15       ---    0.320910    0.431460    0.994360
   16       ---    0.319120    0.426310    0.991940
   17       ---    0.318310    0.428890    0.990880
   18       ---    0.298020    0.409840    0.982950
   19       ---    0.296800    0.397860    0.979140
   20       ---    0.289300    0.395790    0.974990
   21       ---    0.280940    0.386510    0.973670
   22       ---    0.274860    0.374510    0.968740
   23       ---    0.281470    0.374390    0.968130
   24       ---    0.269280    0.363920    0.962610
   25       ---    0.261590    0.355650    0.960540
   26       ---    0.253010    0.355220    0.959450
   27       ---    0.261350    0.334490    0.959820
   28       ---    0.248470    0.333420    0.953300
   29       ---    0.247350    0.328490    0.954220
   30       ---    0.242200    0.322050    0.950970
   31       ---    0.237170    0.312990    0.947100
   32       ---    0.231580    0.312120    0.947220
   33       ---    0.227080    0.300650    0.943250
   34       ---    0.224700    0.296770    0.944100
   35       ---    0.223580    0.298630    0.943200
   36       ---    0.217580    0.289670    0.939430
   37       ---    0.212780    0.284420    0.936770
   38       ---    0.215030    0.287270    0.936780
   39       ---    0.208850    0.282680    0.935340
   40       ---    0.205250    0.272420    0.934710
   41       ---    0.258080    0.239120    1.044530
   42       ---    0.222850    0.188620    1.014530
   43       ---    0.221560    0.176360    1.015000
   44       ---    0.209310    0.168170    0.997520
   45       ---    0.204010    0.152340    0.992820
   46       ---    0.201810    0.158890    0.993220
   47       ---    0.190640    0.149080    0.976780
   48       ---    0.187980    0.139320    0.979470
   49       ---    0.186510    0.132650    0.985170
   50       ---    0.180420    0.127610    0.975450
------------------------------------------------------------

  验证集评估指标:
Epoch   Precision      Recall       mAP50    mAP50-95
------------------------------------------------------------
    1      0.7093      0.7748      0.7621      0.5770
    2      0.7746      0.7370      0.8482      0.7367
    3      0.7903      0.6516      0.8809      0.7941
    4      0.8032      0.8576      0.9234      0.8807
    5      0.8210      0.8294      0.9407      0.8676
    6      0.7923      0.7874      0.9186      0.8630
    7      0.8340      0.8802      0.9644      0.8629
    8      0.9220      0.8959      0.9716      0.9210
    9      0.9387      0.9632      0.9885      0.9563
   10      0.9345      0.9380      0.9859      0.9018
   11      0.8135      0.9045      0.9634      0.9445
   12      0.9618      0.9336      0.9868      0.9376
   13      0.6949      0.8468      0.9346      0.8919
   14      0.9258      0.9367      0.9862      0.9800
   15      0.9503      0.9560      0.9871      0.9412
   16      0.9155      0.9592      0.9879      0.9741
   17      0.9690      0.9673      0.9914      0.9829
   18      0.9305      0.9420      0.9912      0.9748
   19      0.9805      0.9736      0.9929      0.9783
   20      0.9600      0.9744      0.9915      0.9825
   21      0.9698      0.9695      0.9922      0.9625
   22      0.9717      0.9722      0.9930      0.9845
   23      0.9642      0.9779      0.9935      0.9904
   24      0.9666      0.9541      0.9889      0.9682
   25      0.9754      0.9759      0.9924      0.9798
   26      0.9837      0.9603      0.9918      0.9895
   27      0.9762      0.9762      0.9933      0.9882
   28      0.9685      0.9724      0.9932      0.9911
   29      0.9813      0.9835      0.9939      0.9927
   30      0.9817      0.9814      0.9930      0.9926
   31      0.9725      0.9886      0.9939      0.9921
   32      0.9871      0.9825      0.9943      0.9923
   33      0.9769      0.9739      0.9919      0.9909
   34      0.9842      0.9837      0.9941      0.9926
   35      0.9878      0.9909      0.9947      0.9942
   36      0.9819      0.9878      0.9944      0.9938
   37      0.9891      0.9736      0.9933      0.9912
   38      0.9818      0.9891      0.9942      0.9926
   39      0.9930      0.9828      0.9946      0.9937
   40      0.9872      0.9846      0.9943      0.9934
   41      0.9861      0.9851      0.9946      0.9940
   42      0.9865      0.9912      0.9948      0.9941
   43      0.9911      0.9927      0.9947      0.9944
   44      0.9889      0.9909      0.9949      0.9948
   45      0.9943      0.9938      0.9949      0.9949
   46      0.9919      0.9915      0.9949      0.9948
   47      0.9941      0.9920      0.9949      0.9943
   48      0.9966      0.9880      0.9949      0.9945
   49      0.9943      0.9938      0.9949      0.9949
   50      0.9952      0.9957      0.9950      0.9949
------------------------------------------------------------

======================================================================
  训练完成! 最终指标:
    Precision:  0.9952  (99.52%)
    Recall:     0.9957  (99.57%)
    mAP50:      0.9950  (99.50%)
    mAP50-95:   0.9949  (99.49%)
    GPU 显存:   ~2.3GB / 8GB
======================================================================